4:  38 16 45 32 23 26 12 0 15 0 7 # f = 12002320 +- 4
9:  16 19 55 1 17 0 12 0 15 0 7 # f = 12002320 +- 5
5:  23 16 36 1 23 5 15 0 15 0 7 # f = 12002320 +- 6
11:  18 18 77 15 21 8 12 0 15 0 7 # f = 12002320 +- 4
6:  21 18 15 0 15 1 13 0 15 0 7 # f = 12002320 +- 7
13:  43 24 29 40 8 28 5 0 13 0 7 # f = 12002320 +- 4
10:  39 16 30 24 23 31 13 0 10 0 7 # f = 12002320 +- 4
14:  7 22 21 0 12 0 9 0 15 0 7 # f = 12002320 +- 8
16:  17 18 42 2 17 12 12 0 14 0 7 # f = 12002320 +- 4
15:  41 19 7 9 17 31 8 0 13 0 7 # f = 12002320 +- 4
21:  0 31 1 124 31 27 0 0 0 0 7 # f = 12002320 +- 6000802
27:  0 31 2 127 31 22 0 0 0 0 7 # f = 12002320 +- 6000638
20:  26 17 70 21 18 8 13 0 15 0 7 # f = 12002320 +- 4
25:  35 16 71 58 25 29 15 0 15 0 7 # f = 12002320 +- 4
28:  26 15 67 31 25 24 15 0 14 0 7 # f = 12002320 +- 4
23:  2 31 14 0 10 1 5 0 15 0 7 # f = 12002320 +- 19
29:  6 31 3 0 10 0 5 0 15 0 7 # f = 12002320 +- 31
37:  31 16 39 0 22 10 13 0 15 0 7 # f = 12002320 +- 5
41:  13 21 52 0 17 1 9 0 15 0 7 # f = 12002320 +- 6
46:  23 21 38 8 12 18 7 0 15 0 7 # f = 12002320 +- 4
42:  24 15 68 12 26 8 14 0 15 0 7 # f = 12002320 +- 4
47:  41 16 77 78 23 24 15 0 15 0 7 # f = 12002320 +- 4
34:  18 19 1 11 31 14 11 0 11 0 7 # f = 12002320 +- 19
