4: 38 16 45 32 23 26 12 0 15 0 7
5: 23 16 36 1 23 5 15 0 15 0 7
6: 21 18 15 0 15 1 13 0 15 0 7
9: 16 19 55 1 17 0 12 0 15 0 7
10: 39 16 30 24 23 31 13 0 10 0 7
11: 18 18 77 15 21 8 12 0 15 0 7
13: 43 24 29 40 8 28 5 0 13 0 7
14: 7 22 21 0 12 0 9 0 15 0 7
15: 41 19 7 9 17 31 8 0 13 0 7
16: 17 18 42 2 17 12 12 0 14 0 7
20: 26 17 70 21 18 8 13 0 15 0 7
21: 0 31 1 127 31 31 15 0 0 0 7
23: 0 31 14 1 11 0 5 0 15 0 7
25: 35 18 62 49 20 28 11 0 15 0 7
27: 14 30 62 125 29 25 13 0 0 0 7
28: 26 15 67 31 25 24 15 0 14 0 7
29: 6 31 5 0 10 0 5 0 15 0 7
34: 16 18 1 14 31 8 15 0 11 0 7
37: 31 16 39 0 22 10 13 0 15 0 7
41: 13 21 52 0 17 1 9 0 15 0 7
42: 24 20 44 5 13 15 7 0 15 0 7
46: 23 21 38 8 12 18 7 0 15 0 7
47: 41 16 77 78 23 24 15 0 15 0 7
