4: 39 17 39 41 20 23 11 0 15 0 7 # f = 1.200232E7 +- 2.7904118578881025
5: 26 16 36 0 23 9 15 0 15 0 7 # f = 1.200232E7 +- 3.3133510258048773
6: 25 16 27 0 24 2 15 0 15 0 7 # f = 1.200232E7 +- 4.530234526842833
9: 18 19 59 0 20 2 11 0 15 0 7 # f = 1.200232E7 +- 3.5254641473293304
10: 41 18 23 26 20 30 9 0 10 0 7 # f = 1.200232E7 +- 2.6572817005217075
11: 19 17 83 25 25 4 14 0 0 0 7 # f = 1.200232E7 +- 2.966055290773511
13: 45 18 47 71 17 31 12 0 13 0 7 # f = 1.200232E7 +- 2.8782109525054693
14: 10 21 31 1 17 0 9 0 0 0 7 # f = 1.200232E7 +- 5.5669173169881105
15: 43 18 8 24 19 30 10 0 0 0 7 # f = 1.200232E7 +- 2.9134473763406277
16: 19 22 32 0 13 18 6 0 14 0 7 # f = 1.200232E7 +- 2.8811290226876736
20: 28 16 78 20 26 11 12 0 15 0 7 # f = 1.200232E7 +- 2.675119610503316
23: 1 31 13 0 10 1 5 0 0 0 7 # f = 1.200232E7 +- 14.914388433098793
25: 36 22 43 45 11 25 7 0 15 0 7 # f = 1.200232E7 +- 2.665011040866375
28: 27 17 60 36 22 21 11 0 14 0 7 # f = 1.200232E7 +- 2.4953502900898457
29: 12 31 4 0 6 0 6 0 0 0 7 # f = 1.200232E7 +- 24.179650507867336
34: 21 19 1 27 31 10 13 0 0 0 7 # f = 1.200232E7 +- 18.171552948653698
37: 33 17 37 0 22 14 10 0 0 0 7 # f = 1.200232E7 +- 3.0853672679513693
41: 15 21 52 2 16 0 10 0 15 0 7 # f = 1.200232E7 +- 4.277867924422026
42: 26 16 65 17 25 9 12 0 15 0 7 # f = 1.200232E7 +- 2.7302344739437103
46: 25 17 55 19 22 15 12 0 15 0 7 # f = 1.200232E7 +- 2.774269051849842
47: 42 19 60 66 17 24 9 0 15 0 7 # f = 1.200232E7 +- 3.150706462562084
