4: 38 16 45 32 23 26 12 0 15 0 7 # f = 1.200232E7 +- 3.6091735120862722
5: 23 16 36 1 23 5 15 0 15 0 7 # f = 1.200232E7 +- 5.042661465704441
6: 21 18 15 0 15 1 13 0 15 0 7 # f = 1.200232E7 +- 6.6140601094812155
9: 16 19 55 1 17 0 12 0 15 0 7 # f = 1.200232E7 +- 4.779260231181979
10: 39 16 30 24 23 31 13 0 10 0 7 # f = 1.200232E7 +- 3.4724177345633507
11: 18 18 77 15 21 8 12 0 15 0 7 # f = 1.200232E7 +- 3.8527558762580156
13: 43 24 29 40 8 28 5 0 13 0 7 # f = 1.200232E7 +- 3.5762940123677254
14: 7 22 21 0 12 0 9 0 15 0 7 # f = 1.200232E7 +- 7.423248069360852
15: 41 19 7 9 17 31 8 0 13 0 7 # f = 1.200232E7 +- 3.4005409199744463
16: 17 18 42 2 17 12 12 0 14 0 7 # f = 1.200232E7 +- 3.994450630620122
20: 26 17 70 21 18 8 13 0 15 0 7 # f = 1.200232E7 +- 3.9726406633853912
21: 0 31 1 127 31 31 15 0 0 0 7 # f = 1.200232E7 +- 6000699.1655799635
23: 0 31 14 1 11 0 5 0 0 0 7 # f = 1.200232E7 +- 17.654028059914708
25: 35 18 62 49 20 28 11 0 0 0 7 # f = 1.200232E7 +- 3.8325623460114002
27: 0 31 2 127 31 22 0 0 0 0 7 # f = 1.200232E7 +- 6000637.137914191
28: 26 15 67 31 25 24 15 0 14 0 7 # f = 1.200232E7 +- 3.457317465916276
29: 6 31 5 0 10 0 5 0 0 0 7 # f = 1.200232E7 +- 27.063470516353846
34: 16 18 1 14 31 8 15 0 0 0 7 # f = 1.200232E7 +- 18.599975425750017
37: 31 16 39 0 22 10 13 0 15 0 7 # f = 1.200232E7 +- 4.518745735287666
41: 13 21 52 0 17 1 9 0 15 0 7 # f = 1.200232E7 +- 5.620992928743362
42: 24 20 44 5 13 15 7 0 0 0 7 # f = 1.200232E7 +- 3.560010589659214
46: 23 21 38 8 12 18 7 0 15 0 7 # f = 1.200232E7 +- 3.63649326749146
47: 41 16 77 78 23 24 15 0 15 0 7 # f = 1.200232E7 +- 3.9147565234452486
