01: 31 15 127 63 15 15 7 0 0 0 7
02: 31 15 127 63 15 15 7 0 0 0 7
03: 31 15 127 63 15 15 7 0 0 0 7
04: 31 15 127 63 15 15 7 0 0 0 7
05: 31 15 127 63 15 15 7 0 0 0 7
06: 31 15 127 63 15 15 7 0 0 0 7
07: 31 15 127 63 15 15 7 0 0 0 7
08: 31 15 127 63 15 15 7 0 0 0 7
09: 31 15 127 63 15 15 7 0 0 0 7
10: 31 15 127 63 15 15 7 0 0 0 7
11: 31 15 127 63 15 15 7 0 0 0 7
12: 31 15 127 63 15 15 7 0 0 0 7
13: 31 15 127 63 15 15 7 0 0 0 7
14: 31 15 127 63 15 15 7 0 0 0 7
15: 31 15 127 63 15 15 7 0 0 0 7
16: 31 15 127 63 15 15 7 0 0 0 7
17: 31 15 127 63 15 15 7 0 0 0 7
18: 31 15 127 63 15 15 7 0 0 0 7
19: 31 15 127 63 15 15 7 0 0 0 7
20: 31 15 127 63 15 15 7 0 0 0 7
21: 31 15 127 63 15 15 7 0 0 0 7
22: 31 15 127 63 15 15 7 0 0 0 7
23: 31 15 127 63 15 15 7 0 0 0 7
24: 31 15 127 63 15 15 7 0 0 0 7
25: 31 15 127 63 15 15 7 0 0 0 7
26: 31 15 127 63 15 15 7 0 0 0 7
27: 31 15 127 63 15 15 7 0 0 0 7
28: 31 15 127 63 15 15 7 0 0 0 7
29: 31 15 127 63 15 15 7 0 0 0 7
30: 31 15 127 63 15 15 7 0 0 0 7
31: 31 15 127 63 15 15 7 0 0 0 7
32: 31 15 127 63 15 15 7 0 0 0 7
33: 31 15 127 63 15 15 7 0 0 0 7
34: 31 15 127 63 15 15 7 0 0 0 7
35: 31 15 127 63 15 15 7 0 0 0 7
36: 31 15 127 63 15 15 7 0 0 0 7
37: 31 15 127 63 15 15 7 0 0 0 7
38: 31 15 127 63 15 15 7 0 0 0 7
39: 31 15 127 63 15 15 7 0 0 0 7
40: 31 15 127 63 15 15 7 0 0 0 7
41: 31 15 127 63 15 15 7 0 0 0 7
42: 31 15 127 63 15 15 7 0 0 0 7
43: 31 15 127 63 15 15 7 0 0 0 7
44: 31 15 127 63 15 15 7 0 0 0 7
45: 31 15 127 63 15 15 7 0 0 0 7
46: 31 15 127 63 15 15 7 0 0 0 7
47: 31 15 127 63 15 15 7 0 0 0 7
48: 31 15 127 63 15 15 7 0 0 0 7
49: 31 15 127 63 15 15 7 0 0 0 7
50: 31 15 127 63 15 15 7 0 0 0 7
51: 31 15 127 63 15 15 7 0 0 0 7
52: 31 15 127 63 15 15 7 0 0 0 7
53: 31 15 127 63 15 15 7 0 0 0 7
54: 31 15 127 63 15 15 7 0 0 0 7
55: 31 15 127 63 15 15 7 0 0 0 7
56: 31 15 127 63 15 15 7 0 0 0 7
57: 31 15 127 63 15 15 7 0 0 0 7
58: 31 15 127 63 15 15 7 0 0 0 7
59: 31 15 127 63 15 15 7 0 0 0 7
60: 31 15 127 63 15 15 7 0 0 0 7
61: 31 15 127 63 15 15 7 0 0 0 7
62: 31 15 127 63 15 15 7 0 0 0 7
63: 31 15 127 63 15 15 7 0 0 0 7
64: 31 15 127 63 15 15 7 0 0 0 7

