11:  63 15 57 91 0 31 13 0 6 0 7 # f = 12000012 +- 15
3:  58 15 107 122 0 27 14 0 9 0 7 # f = 12000012 +- 13
16:  58 14 71 86 2 31 15 0 4 0 7 # f = 12000012 +- 13
12:  30 17 89 71 2 4 7 0 2 0 7 # f = 12000012 +- 13
22:  23 15 106 49 4 2 12 0 3 0 7 # f = 12000012 +- 15
2:  31 19 105 74 2 3 7 0 3 0 7 # f = 12000012 +- 20
24:  51 15 108 87 2 20 12 0 9 0 7 # f = 12000012 +- 10
23:  36 15 114 78 0 11 13 0 2 0 7 # f = 12000012 +- 13
15:  29 16 78 77 0 1 11 0 1 0 7 # f = 12000012 +- 22
28:  52 15 83 91 0 30 14 0 2 0 7 # f = 12000012 +- 15
