2: 31 17 111 79 2 0 9 0 3 0 7 # f = 1.2000012E7 +- 18.520105319097638
3: 58 15 107 123 0 27 14 0 9 0 7 # f = 1.2000012E7 +- 12.445994980633259
11: 63 15 56 91 0 31 13 0 6 0 7 # f = 1.2000012E7 +- 15.472940726205707
12: 31 15 100 76 4 1 9 0 2 0 7 # f = 1.2000012E7 +- 11.924861108884215
15: 32 16 78 74 0 3 11 0 1 0 7 # f = 1.2000012E7 +- 21.531408295035362
16: 60 17 54 66 1 31 9 0 4 0 7 # f = 1.2000012E7 +- 13.008511627092957
22: 25 15 99 25 4 11 10 0 3 0 7 # f = 1.2000012E7 +- 15.459864016622305
23: 37 14 118 79 0 12 15 0 2 0 7 # f = 1.2000012E7 +- 12.274392426013947
24: 52 17 95 74 0 22 9 0 9 0 7 # f = 1.2000012E7 +- 9.811470115557313
28: 52 15 81 90 0 30 14 0 0 0 7 # f = 1.2000012E7 +- 14.01995362341404
