2: 31 19 105 74 2 3 7 0 3 0 7 # f = 1.2000012E7 +- 19.132510920986533
3: 58 15 107 122 0 27 14 0 9 0 7 # f = 1.2000012E7 +- 12.602021293714643
11: 63 15 57 91 0 31 13 0 6 0 7 # f = 1.2000012E7 +- 14.896684942767024
12: 30 17 89 71 2 4 7 0 2 0 7 # f = 1.2000012E7 +- 12.644302438944578
15: 32 15 82 80 0 0 13 0 0 0 7 # f = 1.2000012E7 +- 21.24613369256258
16: 58 14 71 86 2 31 15 0 4 0 7 # f = 1.2000012E7 +- 12.858004977926612
22: 23 15 106 49 4 2 12 0 3 0 7 # f = 1.2000012E7 +- 14.202873144298792
23: 36 15 114 78 0 11 13 0 2 0 7 # f = 1.2000012E7 +- 12.480682265013456
24: 51 15 108 87 2 20 12 0 9 0 7 # f = 1.2000012E7 +- 9.475686348974705
28: 54 19 59 55 0 31 7 0 0 0 7 # f = 1.2000012E7 +- 13.927485935389996
