9:  28 19 136 84 4 7 6 0 11 0 7 # f = 12000012 +- 12
6:  22 16 142 62 12 4 8 0 13 0 7 # f = 12000012 +- 9
11:  32 14 109 48 12 12 13 0 13 0 7 # f = 12000012 +- 9
3:  18 21 105 73 1 2 7 0 10 0 7 # f = 12000012 +- 18
1:  44 12 128 92 17 11 14 0 5 0 7 # f = 12000012 +- 10
10:  52 18 43 51 2 28 6 0 1 0 7 # f = 12000012 +- 12
13:  48 17 84 96 0 29 10 0 0 0 7 # f = 12000012 +- 11
14:  43 15 111 77 1 18 15 0 14 0 7 # f = 12000012 +- 11
12:  59 20 57 74 1 30 6 0 5 0 7 # f = 12000012 +- 14
21:  37 16 119 75 4 8 9 0 14 0 7 # f = 12000012 +- 10
17:  45 14 127 96 9 24 13 0 0 0 7 # f = 12000012 +- 9
23:  25 16 152 71 12 2 10 0 15 0 7 # f = 12000012 +- 11
15:  55 13 106 126 0 22 15 0 2 0 7 # f = 12000012 +- 14
25:  30 16 129 82 5 4 12 0 15 0 7 # f = 12000012 +- 13
26:  33 21 79 35 2 15 4 0 15 0 7 # f = 12000012 +- 11
24:  11 20 102 20 8 11 4 0 15 0 7 # f = 12000012 +- 13
19:  56 18 84 84 2 27 7 0 2 0 7 # f = 12000012 +- 10
27:  57 14 126 123 0 19 11 0 0 0 7 # f = 12000012 +- 12
