1: 45 14 104 77 6 15 12 0 5 0 7 # f = 1.2000012E7 +- 10.936396023258567
3: 19 21 102 70 0 3 7 0 10 0 7 # f = 1.2000012E7 +- 16.348702451214194
6: 22 15 146 71 12 0 10 0 13 0 7 # f = 1.2000012E7 +- 8.068476079031825
9: 29 15 165 100 10 0 10 0 11 0 7 # f = 1.2000012E7 +- 11.425405997782946
10: 50 13 65 82 5 27 14 0 1 0 7 # f = 1.2000012E7 +- 11.142468908801675
11: 32 14 107 52 10 10 14 0 13 0 7 # f = 1.2000012E7 +- 9.829642448574305
12: 59 20 58 73 1 30 6 0 5 0 7 # f = 1.2000012E7 +- 13.424435339868069
13: 47 15 104 111 6 29 12 0 0 0 7 # f = 1.2000012E7 +- 9.923566250130534
14: 44 16 105 67 2 21 12 0 14 0 7 # f = 1.2000012E7 +- 9.84577483870089
15: 54 13 108 120 2 22 14 0 0 0 7 # f = 1.2000012E7 +- 13.125907318666577
17: 44 17 104 82 2 22 9 0 0 0 7 # f = 1.2000012E7 +- 9.494278617203236
19: 55 15 99 105 2 27 12 0 2 0 7 # f = 1.2000012E7 +- 9.529389817267656
21: 37 14 139 78 10 6 11 0 14 0 7 # f = 1.2000012E7 +- 8.339659985154867
23: 24 20 123 57 5 9 6 0 15 0 7 # f = 1.2000012E7 +- 9.381651043891907
24: 12 19 114 29 11 7 5 0 15 0 7 # f = 1.2000012E7 +- 11.270847139880061
25: 30 15 135 80 6 5 13 0 15 0 7 # f = 1.2000012E7 +- 11.054879434406757
26: 34 15 110 49 9 8 9 0 15 0 7 # f = 1.2000012E7 +- 10.04747991450131
27: 57 14 129 125 0 19 11 0 0 0 7 # f = 1.2000012E7 +- 10.770196285098791
