1: 44 12 128 92 17 11 14 0 5 0 7 # f = 1.2000012E7 +- 9.38060057349503
3: 18 21 105 73 1 2 7 0 10 0 7 # f = 1.2000012E7 +- 17.29170841909945
6: 22 16 142 62 12 4 8 0 13 0 7 # f = 1.2000012E7 +- 8.41317392885685
9: 28 19 136 84 4 7 6 0 11 0 7 # f = 1.2000012E7 +- 11.573394628241658
10: 52 18 43 51 2 28 6 0 1 0 7 # f = 1.2000012E7 +- 11.342972220852971
11: 32 14 109 48 12 12 13 0 13 0 7 # f = 1.2000012E7 +- 8.713094603270292
12: 59 20 57 74 1 30 6 0 5 0 7 # f = 1.2000012E7 +- 13.176974864676595
13: 48 14 107 124 6 30 15 0 0 0 7 # f = 1.2000012E7 +- 10.292219350114465
14: 43 15 111 77 1 18 15 0 14 0 7 # f = 1.2000012E7 +- 10.283240964636207
15: 55 13 106 126 0 22 15 0 2 0 7 # f = 1.2000012E7 +- 13.284544253721833
17: 45 14 127 96 9 24 13 0 0 0 7 # f = 1.2000012E7 +- 8.535882277414203
19: 56 18 84 84 2 27 7 0 2 0 7 # f = 1.2000012E7 +- 9.774388300254941
21: 37 16 119 75 4 8 9 0 14 0 7 # f = 1.2000012E7 +- 9.160542463883758
23: 25 16 152 71 12 2 10 0 15 0 7 # f = 1.2000012E7 +- 10.417027646675706
24: 11 20 102 20 8 11 4 0 15 0 7 # f = 1.2000012E7 +- 12.58347224444151
25: 30 16 129 82 5 4 12 0 15 0 7 # f = 1.2000012E7 +- 12.554488277062774
26: 33 21 79 35 2 15 4 0 15 0 7 # f = 1.2000012E7 +- 10.550552409142256
27: 58 14 129 126 1 19 11 0 0 0 7 # f = 1.2000012E7 +- 10.969706036150455
